x = [1, 2; 3, 4];
R1 = [9.9999199295429597e-01, -2.5329679754331277e-04,-3.9937285871262593e-03; 2.3915908843185683e-04,9.9999370537737231e-01, -3.5400577062351907e-03;3.9946001333920397e-03, 3.5390742243430195e-03, 9.9998575896030073e-01]
P1 = [ 4.6272665360186375e+02, 0., 3.3017429351806641e+02, 0.; 0., 4.6272665360186375e+02, 1.8300720787048340e+02, 0.; 0., 0., 1., 0. ]

R2 = [9.9965538026363621e-01, 9.2451071031785792e-03,-2.4569263412149309e-02; -9.1580769829640619e-03, 9.9995139361504548e-01, 3.6524010325354405e-03;       2.4601836027803404e-02, -3.4261351373113089e-03,       9.9969145803196791e-01]
P2 = [ 4.6272665360186375e+02, 0., 3.3017429351806641e+02        -4.3498643513982969e+01; 0., 4.6272665360186375e+02,       1.8300720787048340e+02, 0.; 0., 0., 1., 0.] 